Lost Timestamps:
1731297630601
1731297630837
1731297631071
1731297631305
1731297631539
1731297631771
1731297632006
1731297632240
1731297632475
1731297632708
1731297632943
1731297633175
1731297633410
1731297633646
1731297633881
1731297634107
1731297634115
1731297634341
1731297634349
1731297634575
1731297634583
1731297634812
1731297634821
1731297635049
1731297635057
1731297635284
1731297635292
1731297635518
1731297635751
1731297635759
1731297635984
1731297636219
1731297636453
1731297636461
1731297636687
1731297636923
1731297636931
1731297637158
1731297637391
1731297637399
1731297637624
1731297637858
1731297637866
1731297638092
1731297638326
1731297638334
1731297638559
1731297638794
1731297639029
1731297639037
1731297639262
1731297639498
1731297639506
1731297639733
1731297639968
1731297639976
